3194249577
3208253068
3374517115
3564544359
3654907804
3657219691
3779603147
3894680959
3945535027
3964002893
4018733652
4029946883
4042041932
4274474845
4277805725
4344092158
4464195890
4472050669
4569235553
4573705427
4600978887
4631861748
4716437526
4918483540
5579264520
5765253778
5877834720
6172067596
6214639817
6247239055
6323376157
6325157907
6571110546
6738615067
6785468593
6825929986
7173334377
7207887237
7332687018
7451346269
7486278157
7528896228
7691425065
7770934490
7854906445
7923043649
7995886960
8004257049
8108322256
8391173016
8427705238
8757680719
8773893341
8940339605
8963434784
9150249045
9200607529
9496802399
9583748178
9704607962
9894482340
9924167399
9961447031
1010712591
1278470355
1429211540
1524394244
1702677436
2284444073
2505333141
2650637847
2757201196
3042096031
3051260669
3302864923
4298094182
4372861318
4711097746
5418038599
5475044244
5596855756
5768712184
5881143453
5993089409
6467317616
6583431995
6719264075
7002484606
7061379448
7467068572
7801434290
8497345372
8985655549
9421278061
9989098003
