1053350424
1172073274
1207242031
1341091809
1618135107
1785019758
1798608709
1954844213
1990205041
2214487122
2244817942
2420523722
2482678537
2511907477
2520200681
2657377693
2701104266
2731934880
2889013408
2915695651
3082629541
3257649789
3263726376
3301912641
3468152696
3607592533
3633760020
3656071817
3745962616
3871328339
3921497950
4004521074
4020714017
4054819957
4123157861
4140454421
4357906051
4366269724
4602318115
4614096295
4632727147
4656615814
4670110994
4673627985
4673959708
4719841832
4810956318
4855365849
4885890849
4956926142
5080076589
5130757296
5162688245
5328305226
5458982412
5493549381
5674416421
5689833134
5694546572
6247492752
6258114938
6277274176
6339587027
1000104570
1305515054
1377222469
1414551922
1506250883
1593950373
1635045340
2120218851
2641061839
3169043741
3358809698
3370147912
3467402278
3501291342
3689061684
3752714137
3910079204
4143158521
4193542727
4231109295
4412029425
4480678683
4984080263
5413110501
5698004563
5725443282
5834466184
6206448924
6539282513
6760842459
7320821354
7696678446
8865391490
9159225113
